0.000
31.401
62.800
94.202
125.597
156.996
188.394
219.793
251.197
282.591
313.991
345.390
376.787
408.186
439.593
470.989
502.385
533.783
565.184
596.581
627.983
659.378
690.780
722.179
753.578
784.975
816.372
847.775
879.174
910.567
941.971
973.368
1004.766
1036.163
1067.566
1098.966
1130.366
1161.763
1193.161
1224.557
1255.959
1287.359
1318.757
1350.158
1381.556
1412.951
1444.349
1475.755
1507.153
1538.549
1569.948
1601.347
1632.743
1664.141
1695.543
1726.943
1758.341
1789.740
1821.138
1852.537
1883.937
1915.334
1946.735
1978.133
2009.531
2040.930
2072.330
2103.729
2135.126
2166.526
2197.925
2229.323
2260.722
2292.121
2323.524
2354.920
2386.319
2417.714
2449.114
2480.512
2511.913
2543.313
2574.707
2606.110
2637.508
2668.906
2700.304
2731.705
2763.104
2794.503
2825.902
2857.299
2888.696
2920.099
2951.498
2982.897
3014.295
3045.693
3077.093
3108.488
3139.891
3171.289
3202.688
3234.084
3265.486
3296.883
3328.281
3359.683
3391.082
3422.481
3453.880
3485.278
3516.675
3548.077
3579.476
3610.871
3642.276
3673.674
3705.073
3736.473
3767.865
3799.263
3830.666
3862.062
3893.464
3924.869
3956.266
3987.656
4019.056
4050.455
4081.854
4113.252
4144.658
4176.054
4207.450
4238.856
4270.247
4301.654
4333.046
4364.452
4395.846
4427.242
4458.647
4490.047
4521.446
4552.844
4584.240
4615.635
4647.037
4678.433
4709.833
